117
Alderaan
1000.00 2000.00 3000.00
Dantooine
-1000.00 1000.00 1000.00
Circarpous Major
-500.00 500.00 -500.00
Y'Toub
-500.00 -500.00 500.00
a12345678901234567890123456789
0.00 0.00 0.00
b123456789 123456789'123456789
0.00 3.00 4.00
a
0.00 0.00 0.00
b
3.00 0.00 4.00
a
0.00 0.00 0.00
b
3.00 4.00 0.00
a
0.00 0.00 0.00
b
0.00 0.00 1.00
a
0.00 0.00 0.00
b
0.00 1.00 0.00
a
0.00 0.00 0.00
b
1.00 0.00 0.00
a
0.00 0.00 0.00
b
0.00 -3.00 -4.00
a
0.00 0.00 0.00
b
-3.00 0.00 -4.00
a
0.00 0.00 0.00
b
-3.00 -4.00 0.00
a
0.00 0.00 0.00
b
0.00 0.00 -1.00
a
0.00 0.00 0.00
b
0.00 -1.00 0.00
a
0.00 0.00 0.00
b
-1.00 0.00 0.00
a
1.00 1.00 1.00
b
-1.00 -1.00 -1.00
a
-1.00 -1.00 -1.00
b
-1.00 1.00 -1.00
a
-1.00 -1.00 -1.00
b
1.00 1.00 1.00
mwercmf
-2222.20 -53379.25 -35390.75
rrmjmmy
480.25 37484.17 95351.82
yezdewax
-94314.67 -63352.96 -429.77
huzkvdoj
98442.79 -1155.58 21734.57
w
15615.12 26485.65 71137.24
u
-38956.01 -80738.42 -69331.65
nke
-86104.61 55830.97 1519.33
spo
29549.32 42873.18 -49529.26
dqaudnm
7855.10 71703.27 35304.98
jowipnm
-97713.11 -63438.12 22871.55
emunp
-75611.90 -90444.20 26468.80
rgjrs
20416.06 1644.27 -36071.66
wjqmiuvk
-58366.78 -23591.74 -30578.63
ecyrpwda
95690.15 18216.41 -45363.16
cww
-9244.48 78489.14 21650.44
ynj
-37454.82 16730.55 28628.56
vrkhlkk
47622.25 -27958.01 17406.82
msolaqo
9892.26 53292.05 -62802.66
la
-37403.52 -79177.52 -99825.85
hu
-78814.46 -47284.87 85444.71
anzosnoa
-79681.75 -72726.28 90869.66
hmflhudu
-33641.04 33112.02 -60701.44
wceqhp
-35011.82 -33351.16 17618.84
izayep
42373.87 -18468.24 33570.84
wydtocw
39994.26 -22620.66 -47360.56
zxhippz
57724.27 -58896.28 -29101.17
hhmbtip
63542.36 -56609.01 90388.03
zmlbhpe
-17065.89 -85111.78 12003.23
gqdc
81647.17 -4543.55 53950.03
rysv
-85876.14 -14909.33 56025.53
qg
26335.23 50064.50 -24097.91
ln
-39366.90 68810.95 53524.56
urcgdb
-94298.19 -97314.73 61220.09
kanxqt
49000.93 -97338.79 -57938.23
jsuzkihwb
26335.04 -45624.65 -50520.77
reardqapy
43303.67 -96193.52 -32299.13
nn
81409.02 -90994.68 -79748.11
ll
-75390.27 19802.50 -70916.59
wffvupwu
-87282.21 -1889.11 33038.56
aygstelq
82678.87 -77376.36 92305.51
t
-37840.26 -2457.15 -71855.25
u
-26695.54 53904.39 -58227.94
yr
-90846.32 -32829.09 38050.05
me
71618.78 -36111.85 -91343.70
kazbbqtz
39505.17 85255.63 -95878.13
mdcubgzp
-38480.48 -32306.36 -45505.49
xrzkxpay
-94926.69 31062.95 -1286.14
cxhbbpzl
-72329.96 -19068.89 -52298.22
dbc
-75184.39 -96894.24 72971.45
chj
-36966.76 17818.51 -5492.70
t
-74970.61 -30939.85 -80074.70
v
-52754.77 55236.58 -69822.83
mis
23961.13 -82770.45 -95512.05
nwm
63597.92 -66557.76 77334.15
gvakvr
6543.12 43512.01 70653.63
osmeey
49865.17 -33912.97 29874.90
gzdun
-50101.98 -91533.57 52785.82
mzccm
-59816.70 -843.25 -8354.77
lrf
-49811.46 87771.92 -2416.96
iub
24842.87 76021.01 -50217.60
npgtmdz
82173.01 84998.16 86605.36
unyfjok
-54576.84 65742.94 27671.06
cldl
50058.33 15173.29 40903.70
cbgh
62856.55 96177.99 96241.08
bzyjpdtp
43822.41 9323.73 -95319.71
tyeysrcn
-67004.32 -48310.04 47569.75
yxn
24888.61 -42232.50 -54184.57
wxa
28673.00 63694.39 37147.18
rukogpsma
51989.89 80076.07 -20799.84
yydkytisu
1403.16 45841.50 -97340.01
jbomu
33010.59 91502.11 9796.85
tmunv
92165.18 68490.98 -23681.97
qcclgygper
39478.32 179.96 56652.86
bihnnlzyyz
76412.25 10827.07 1784.68
gvamftmw
22876.41 8028.75 -14381.42
qxxiybze
-10094.95 51225.02 -32108.25
gaaga
17737.31 -6295.71 27648.53
acovu
-62315.26 16200.35 20990.81
v
-53744.00 99930.21 -23760.67
j
75935.24 72294.32 -92541.35
ifhxrjt
-98268.44 -25801.27 2387.82
ltvcvlr
1323.95 57775.52 -55746.22
nrw
25463.73 81289.66 59787.56
bgz
53768.59 -2607.70 39841.20
r
-60361.97 66641.50 79051.79
e
62162.30 -21930.22 -90219.04
pgjdradj
69494.21 95016.07 26622.54
lqaggugf
16742.19 -33083.05 -39492.69
fekl
52862.81 5868.24 27780.40
dssl
-51293.64 816.90 16730.33
t
-78987.86 -17195.36 -14283.40
i
-75066.53 48258.89 14842.60
wz
44636.13 35669.79 -64461.59
ek
98000.82 7375.98 81011.30
l
37284.94 85619.60 -58835.05
t
-93664.17 52901.24 74508.28
kvsxq
-68579.78 38782.65 -19435.82
luxct
-28770.72 19475.31 -77363.40
zn
-90557.91 1909.74 51270.51
qc
94058.92 -46586.60 -9386.18
alimpflsfz
-21696.06 -66631.64 30240.60
trcqtmnblp
80976.81 72891.17 -62887.91
cmuldf
72281.97 29534.63 20674.12
wurirh
84278.67 -74158.62 92742.38
rqxnhmd
-77672.29 72193.86 -717.65
vvyxgwo
-99976.14 23930.95 -62157.11
gpujmrih
94033.68 95935.18 93952.07
ylrajdkd
-79944.02 70983.08 -33502.09
o
79868.87 70353.68 -70733.39
h
34089.40 -89200.16 -5824.21
bdhq
46912.26 93.26 -88804.74
epqm
16.99 -36564.92 17238.65
yftnrofzz
54903.24 65786.95 -85170.69
qelzpimzd
-83462.95 89597.73 -18952.69
isg
38308.90 -69052.23 23854.27
vpl
-37402.64 94744.95 70995.49
mqh
-15148.53 47088.15 73509.58
xtn
-1692.36 7509.63 93011.98
rha
53702.59 24134.55 84853.70
gtq
-85931.07 -68774.10 -35241.90
kywj
-24678.67 -55641.17 41931.44
pfao
32104.21 -79098.44 45944.38
g
98602.72 37131.05 -1137.78
w
-69369.28 5173.23 -64708.49
csow
8768.50 -48641.39 -98905.93
nqmq
45673.85 -37602.31 -22826.91
tucqpnpfsz
-54719.33 87635.55 71114.47
cgukmsbyhf
46568.70 -20614.95 -83836.60
uckgpwrma
74442.75 12695.49 74288.86
jmdihlhqp
2330.26 32605.04 -83184.20
acekk
-65854.66 74268.31 58173.22
kyxsv
22315.26 36442.63 58050.76
fwyoxr
-61147.58 60953.80 85990.27
kvenwt
-96520.58 -46641.90 -75326.23
rrtxanuexp
-91645.90 -23725.60 -94818.28
hxfuudvchk
20726.30 -72901.93 -91781.83
mufihryp
18982.95 -60985.72 -33288.68
xdlwfpiz
-76845.14 99500.17 -18671.78
hthokztgim
95026.20 18636.63 -15489.10
tesicslxwb
12534.87 -88951.08 -90068.02
nyzsoko
5643.75 -41600.04 -18860.15
uiisapw
4858.51 -2231.07 -57344.93
mcgu
66489.14 -47404.22 -70483.59
gxvb
56918.70 -39442.70 36659.63
ij
-96306.28 -92167.89 15270.57
zs
-39864.04 -55231.10 -87301.93
wwviboie
99982.00 -33478.18 -19204.65
echdvsip
42691.06 60055.89 -33155.70
expwu
55945.75 32737.21 -62057.84
btnua
-51980.69 -43597.33 -9157.90
wuucwmougq
-77530.83 50103.37 44244.54
tqjhtnrltp
28551.69 36461.59 86193.21
o
29028.35 -83556.76 -31316.11
f
-73894.46 35500.86 46171.02
yvkuhkpmxk
-22746.57 -77802.69 32344.81
nqtaifdjoc
-70417.25 -83329.79 -57868.92
vmhonwan
-97144.42 8519.04 40713.10
negewies
7589.38 -93504.10 18814.60
wscjn
23360.13 -39921.49 24110.00
fiqjo
41627.51 66845.35 45034.94
ih
-7255.44 -47468.34 83326.34
ob
-80714.06 35324.54 31097.39
dgw
76446.83 32637.42 75899.00
ywf
30695.13 -7370.90 -29935.69
bqpss
87444.76 -55310.79 23996.71
fznrr
-34910.49 16313.88 -61296.59
plpsaj
-23650.26 -13404.49 -91011.76
xaludi
-81686.99 12233.80 -85009.49
lkh
30075.58 85526.78 -51979.34
uqg
-50417.64 -88207.77 -77214.76
stw
35608.81 7116.69 -57844.96
kwf
60099.01 90653.56 79854.17
bszzq
19327.92 -15610.84 74875.49
ndvzy
1348.41 75267.02 46262.10
nhzhzczoba
-90080.00 75936.99 82707.23
ysimmokiqs
59141.26 -55790.09 -75183.20
zflspimkj
-51911.33 -1781.83 87569.90
ombylugop
-54626.56 79903.85 15909.69
lrng
71387.55 498.59 75297.50
cegj
37209.00 90863.80 41708.82
nqlv
-35079.30 48469.21 43547.88
vwjf
62137.55 -13695.51 95276.93
cu
22604.51 -94563.41 -72695.79
gf
89320.85 -65471.39 -80002.13
dur
-91347.74 37872.47 16396.08
jkt
85867.93 -90010.90 41153.81
xmowtucze
74493.37 1012.16 -73313.00
yxwdjanpb
-72686.57 -39391.00 -17243.86
mfmdvb
-56973.49 27669.77 27692.20
iopzkz
-72135.99 34023.40 47419.97
nuxnbywxwj
-589.90 -18790.34 -28443.23
goxvfkbjhq
-5919.02 -77531.28 -69326.28
qelpgr
-74907.15 72409.97 -89011.54
oboowt
-89741.37 81121.70 -4879.08
vg
83852.68 76530.75 70686.72
bm
15295.78 56918.91 63604.06
fezm
99886.56 25048.03 88367.73
rzev
51408.75 62056.67 99419.74
u
-64237.34 34937.73 20986.32
p
17826.83 -14867.84 81045.09
