12324
31312
41431

234234
342112
421311

1333411
4131223
3221424

4344322
1421113
3413321

1312144
3243332
2133143

44333142
22221423
14234421

31414424
23122413
14123131

14144243
31333134
24221312

12232142
32121431
43414233

31312212
24413234
42431241

134342321
412323314
213121412

131223323
444211214
221412311

434312334
342141133
212124121

423124333
344413231
112142432

4233143312
2112212214
3444323113

3411432214
2212243313
4343212342

1422133123
2132341231
3211423112

2324232231
4321144134
3213344332

4442331133
3133242241
2144241234

4234314322
1423411231
2122114123

1434334221
4232232124
2312134422

142131334224
213234243442
443424323131

142331212113
232143343442
333314413131

111122232332
232131212123
341343343414

441121131413143
131431324424434
233234232322121

124324223433213
312134122124342
443324331134344

243324321414311
344423124333344
413231112142432

33421143444123223132
43132411432211322241
13121233311231414413

34321414342313241141
43422232312144214242
21124214244234341113

24133232222142242431
31321441224314131312
42334431311113212123

41344411122134441231
22313433414323312312
12231221312124143323

42331433122112212214
34443231131443213433
24321423122321342142

2312413321131344213413224
4131312113421331312241313
3114244334131244114331242

2322443131341311112121432
3141123434332312142313414
4213122112234113334132133

2143411234224221431314344
3142213341241324143213133
4322314341413243344213242

42421345
51445243
35341114
24234512

25532254
32432412
55145253
12152315

43221521
54514243
31225215
12433244

15325254
55544241
41131532
31253423

42313345322513
55232121142431
35144541251114
24213554221325

43524253511531
22311354353445
15543123242142
51434342155314

24414212413242
34112432515114
52335131212211
41234231232453

25222235331313
12525431421452
45314425312234
55123213535125

42313345322513
55232121142431
35144541251114
24213554221325

325263511525
422411241326
615644455644
122152521451
552351221523

664234651315
331556242642
516251524134
263231453516
463364523411

131151244152165
456344626463461
652436443645152
564221561216443
331443121152356

513642132662653
232512412556364
433126666135221
313432566425342
124364653566155

416454
277457
655446
724672
315513
153465

542376
264545
165551
377262
732173
635554

1767176717671767176717671
2255225522552255225522552
3344334433443344334433443
4433443344334433443344334
5522552255225522552255225
6717671767176717671767176

1767176717671767176717671767176717671767176717671
2255225522552255225522552255225522552255225522552
3344334433443344334433443344334433443344334433443
4433443344334433443344334433443344334433443344334
5522552255225522552255225522552255225522552255225
6717671767176717671767176717671767176717671767176

end
