4 1 3 0 2
5 0 2 4 1 3
6 0 2 4 1 3 5
7 0 2 4 6 1 3 5
8 0 4 7 5 2 6 1 3
9 0 2 6 1 7 4 8 3 5
10 0 9 6 4 7 1 8 2 5 3
11 0 2 6 10 3 7 9 4 1 5 8
12 0 2 5 7 10 4 11 9 3 6 8 1
13 0 2 4 1 8 11 9 12 3 5 7 10 6
14 0 2 4 9 12 10 3 6 11 13 1 7 5 8
15 0 2 4 1 9 11 13 3 12 8 5 14 6 10 7
16 0 2 4 1 12 9 11 14 5 15 13 7 3 6 8 10
17 0 2 4 1 10 15 9 14 3 13 7 16 6 12 5 11 8
18 0 2 4 1 11 9 14 12 17 8 16 5 15 10 7 3 6 13
19 0 2 4 1 3 8 12 14 16 18 6 15 17 10 5 7 9 11 13
20 0 2 4 1 3 14 19 11 18 15 17 6 9 16 8 5 7 13 10 12
0
