28																																																																																																						
8	11	2	3	5																																																																																																		
8	11	0																																																																																																				
0	11	0																																																																																																				
55	56	10	1	2	3	4	5	6	7	8	9	10																																																																																										
50	56	10	1	2	3	4	5	6	7	8	9	10																																																																																										
299	300	9	1	2	3	4	5	60	130	260	270																																																																																											
297	300	9	1	2	3	4	5	60	130	260	270																																																																																											
284	300	9	1	2	3	4	5	60	130	260	270																																																																																											
270	300	9	1	2	3	4	5	60	130	260	270																																																																																											
150	300	9	1	2	3	4	5	60	130	260	270																																																																																											
123	308	4	104	102	201	101																																																																																																
9990	10000	24	104	102	201	101	104	102	201	101	104	102	201	101	104	102	201	101	104	102	201	101	104	102	201	101																																																																												
9900	10000	24	104	102	201	101	104	102	201	101	104	102	201	101	104	102	201	101	104	102	201	101	104	102	201	101																																																																												
9000	10000	24	104	102	201	101	104	102	201	101	104	102	201	101	104	102	201	101	104	102	201	101	104	102	201	101																																																																												
5000	10000	24	104	102	201	101	104	102	201	101	104	102	201	101	104	102	201	101	104	102	201	101	104	102	201	101																																																																												
3050	10000	24	104	102	201	101	104	102	201	101	104	102	201	101	104	102	201	101	104	102	201	101	104	102	201	101																																																																												
3049	10000	24	104	102	201	101	104	102	201	101	104	102	201	101	104	102	201	101	104	102	201	101	104	102	201	101																																																																												
3048	10000	24	104	102	201	101	104	102	201	101	104	102	201	101	104	102	201	101	104	102	201	101	104	102	201	101																																																																												
0	10000	24	104	102	201	101	104	102	201	101	104	102	201	101	104	102	201	101	104	102	201	101	104	102	201	101																																																																												
47500	50000	39	104	102	201	101	104	102	201	101	104	102	201	101	104	102	201	101	104	102	201	101	104	102	201	101	1	2	3	4	5	6	7	8	9	10	11	12	13	10000	40000																																																													
13623	14467	59	795	1034	1665	1509	1310	1475	1311	708	942	1610	863	1461	1430	933	1490	1647	1624	1316	955	1314	1073	1109	1650	1214	1449	1124	1474	1463	1635	1242	1640	1666	1539	1366	1601	1665	1651	1666	1535	1413	1356	1473	1647	1518	1621	1665	1593	1644	1603	1663	1655	802	851	1461	1305	1607	1304	1493	1625																																									
5326477	5543884	59	664983	584081	477854	678622	665483	672555	191089	670833	684928	697653	672389	628261	699029	593389	350064	685578	271611	474020	564072	633064	685424	614104	401586	689670	680411	697631	662509	186827	698769	498921	149049	631432	694592	172105	415869	694760	687719	683092	390785	654559	595787	431857	474591	498117	667007	545981	610556	634219	696441	422903	607369	446470	560252	698694	680251	655657	594841	688036	658652																																									
5490067	5714152	100	393232	272087	437804	183005	440692	141006	447254	447224	326608	406175	297029	361250	446722	447262	445348	390308	152310	447049	324260	412996	328499	252821	385978	447373	243838	446424	277686	353459	444483	443949	441629	441673	360769	295777	411334	374180	431633	440015	426048	439612	446845	381869	331193	355681	403021	368036	322369	290150	445931	447391	206562	447200	414201	390750	440636	49360	255207	225271	287638	303058	425966	441092	168535	438741	446985	433815	251625	447181	446730	270740	303937	373394	258415	444812	410871	425886	447334	384021	311224	262450	442650	292785	400969	350373	423843	354890	444121	359482	355400	437837	191721	426444	365113	333620	345851	437910	138197	167528	398502	252201
5596508	5607712	100	393232	272087	437804	183005	440692	141006	447254	447224	326608	406175	297029	361250	446722	447262	445348	390308	152310	447049	324260	412996	328499	252821	385978	447373	243838	446424	277686	353459	444483	443949	441629	441673	360769	295777	411334	374180	431633	440015	426048	439612	446845	381869	331193	355681	403021	368036	322369	290150	445931	447391	206562	447200	414201	390750	440636	49360	255207	225271	287638	303058	425966	441092	168535	438741	446985	433815	251625	447181	446730	270740	303937	373394	258415	444812	410871	425886	447334	384021	311224	262450	442650	292785	400969	350373	423843	354890	444121	359482	355400	437837	191721	426444	365113	333620	345851	437910	138197	167528	398502	252201
5724574	5840221	100	63518	89312	108990	125462	139867	152790	164581	175467	185609	195122	204094	212595	220677	228386	235758	242825	249611	256139	262429	268497	274358	280025	285510	290822	295971	300966	305814	310522	315096	319542	323865	328070	332161	336144	340021	343796	347472	351053	354541	357939	361251	364477	367620	370683	373667	376574	379406	382165	384852	387469	390017	392498	394912	397261	399547	401769	403930	406030	408070	410051	411974	413840	415650	417403	419101	420746	422336	423873	425357	426790	428171	429501	430780	432009	433189	434319	435400	436433	437418	438355	439244	440086	440881	441629	442331	442987	443596	444159	444677	445150	445576	445958	446294	446586	446832	447034	447190	447302	447369	447392
5782340	5782455	100	63518	89312	108990	125462	139867	152790	164581	175467	185609	195122	204094	212595	220677	228386	235758	242825	249611	256139	262429	268497	274358	280025	285510	290822	295971	300966	305814	310522	315096	319542	323865	328070	332161	336144	340021	343796	347472	351053	354541	357939	361251	364477	367620	370683	373667	376574	379406	382165	384852	387469	390017	392498	394912	397261	399547	401769	403930	406030	408070	410051	411974	413840	415650	417403	419101	420746	422336	423873	425357	426790	428171	429501	430780	432009	433189	434319	435400	436433	437418	438355	439244	440086	440881	441629	442331	442987	443596	444159	444677	445150	445576	445958	446294	446586	446832	447034	447190	447302	447369	447392
64000	70000	100	63518	89312	108990	125462	139867	152790	164581	175467	185609	195122	204094	212595	220677	228386	235758	242825	249611	256139	262429	268497	274358	280025	285510	290822	295971	300966	305814	310522	315096	319542	323865	328070	332161	336144	340021	343796	347472	351053	354541	357939	361251	364477	367620	370683	373667	376574	379406	382165	384852	387469	390017	392498	394912	397261	399547	401769	403930	406030	408070	410051	411974	413840	415650	417403	419101	420746	422336	423873	425357	426790	428171	429501	430780	432009	433189	434319	435400	436433	437418	438355	439244	440086	440881	441629	442331	442987	443596	444159	444677	445150	445576	445958	446294	446586	446832	447034	447190	447302	447369	447392
35342571	35352571	100	63518	89312	108990	125462	139867	152790	164581	175467	185609	195122	204094	212595	220677	228386	235758	242825	249611	256139	262429	268497	274358	280025	285510	290822	295971	300966	305814	310522	315096	319542	323865	328070	332161	336144	340021	343796	347472	351053	354541	357939	361251	364477	367620	370683	373667	376574	379406	382165	384852	387469	390017	392498	394912	397261	399547	401769	403930	406030	408070	410051	411974	413840	415650	417403	419101	420746	422336	423873	425357	426790	428171	429501	430780	432009	433189	434319	435400	436433	437418	438355	439244	440086	440881	441629	442331	442987	443596	444159	444677	445150	445576	445958	446294	446586	446832	447034	447190	447302	447369	447392
