7
16
135
1259
1260
1261
1394
1395
1396
1435
1436
1437
1438
1440
2000
1530
1827
2187
6870
6880
6881
102510
102510
104260
105210
105264
105750
108135
110758
115672
116725
117067
118440
120600
123354
124483
125248
125433
125460
125500
146137
371893
536539
356539
555539
12054060
13078260
12600324
21600324
13002462
31002462
31078260
46847920
46847902
46847921
64847920
11078260
1001795850
1001795950
1001785850
1001795950
315987404670
472812953760
472812953759
472812953760
372812953760
572812953760
742812953760
10174695862032
10174695862037
10714695862032
16758243290880
18762456533040
24959017348650
2512099504480801
3395758728913321
3893627338729969
5129508768706921
8186379410403769
170147428389340249
189598345243224241
271971550510512889
334573968623758249
571691675535320209
577337986280725609
842769461809107121
918564378413675449
968781726110944201
968781726110944203
698781726110944201
0
