10
6
34 81 65 43 1062038 1043103 1473907 22794503 15135731 16114011
3
20 31 53 39 5184133 14080210 7090922
9
77 65 68 93 39630366 4114651 46242136 11376421 53503906 18631484 60115769 25243254 67370739 
14
80 33 67 17 5000601 8225508 32061215 69153203 67201512 45015203 41305703 47211502 5000601 8225508 32061215 69153203 67201512 45015203 
31
66 35 97 43 9262331 31196812 36189042 33263026 45076832 46171432 13121742 31064726 31325237 23054508 63261819 18065542 5100015 60257706 64180822 48276019 21113418 2151042 15308216 46083632 56191112 22232033 55176836 32246129 10142718 6051035 55327901 9336742 9119228 11152819 35324010 
21
31 11 54 61 30104101 21091717 4010047 24001919 2093340 9080505 8093322 13071356 28012705 9031633 2010705 18021906 12053133 14001009 4061916 21042103 1092250 14001009 23063706 9014336 8054746 
26
85 69 52 89 35153321 19204687 25393651 15421922 44450143 4613546 16601456 1133749 34171779 45210526 19204687 25393651 1280508 34104359 31214930 57534333 42194379 14104934 5310521 31214930 2172320 77472731 9572429 54002721 24141842 57163507 
44
41 85 13 88 33200745 29231115 36600940 10350953 21060482 8530554 9540109 29370887 28140652 10070102 13021235 26771243 27021011 38690726 35200508 13021235 37351177 16240874 29231115 13520206 35200508 25830646 15750641 26760558 8530554 15750641 26760558 10101068 2240902 38790177 23101005 13021235 36370702 6800528 2240902 32390585 13150968 2240902 30040817 13150372 2240902 29231115 6800528 3220779 
12
80 87 37 91 62001153 63832244 7512424 4360000 65750726 25450000 66711817 46540000 67752121 67630000 67630000 7822218 
20
21 29 89 32 5077116 1041318 13264616 5222024 6091115 16107417 15070911 11178010 20042919 14044509 4211215 7132509 6191823 20080123 16123718 6115025 17130407 4211215 16234213 17053923 
22
18 13 59 97 7071185 3074182 2055669 13055117 6060379 3071750 13090470 3074182 2055669 13055117 15010916 16072417 13093134 16053349 13091529 7014835 15092081 11044741 15054323 2055669 13091529 15033549 
